503 -667 -711 -780 867 319 586 -747 -823 872 -582 481 254 -856 652 -528 -837 47 -682 -401 970 -349 -177 -699 -104 887 571 -477 669 -320 809 -27 200 606 -714 592 658 -729 416 767 -734 285 -219 756 76
-537 -265 668 -101 -107 815 654 16 913 506 4 377 130 568 69 859 426 661 -852 627 729 622 329 438 -762 105 375 132 761 -388 -95 -978
698 -672 -670 -242 27 -819 445 420 302 -316 -427 -170 868 467 730 449 -698 -297 470 999 782 -416 -691 -964 728 -852 499 136 -562 -353 264 218
448 724 -685 89 -160 -257 -553 139 615 -191 211 -902 -399 631 586 -505 391 -845 891 130 598 431 111 725 931 -731 -983 -73 -545 -227 455 766 864 41 525 -167 -538 -340 -498 26 654 201 772 777
771 290 -700 -559 262 83 -923 187 692 870 -715 295 -992 -721 376 -679 -905 -178 -90 -864 -379 907 428 993 981 -621 740 747 821 731 160 -982 -443 871 -853 984 84 -885 -701 -572 988 509 -711 -3 979 -280 -463 560 -9 542 502 -420 387 -793 147 490 604 -169
978 -310 138 -1 409 -740 71 353 -739 -641 -342 785 -649 230 263 423 673 529 -679 -192 770 -940 328 -613 -809 -989 -359 982 501
343 372 -607 -485 400 918 11 686 436 158 673 624 -81 164 -294 -628 -636 93 355 696 -615 -241 -346 -428 304 24 -241 -735 171 -313 628 -218 526 -361 224 -658 12
-813 890 163 -434 -159 614 -429 -984 91 -7 -315 -925 -810 -363 694 716 52 -875 -962 -370 -931 416 722 708 504 610 -742 623 -760 -98 -732 -686 -982 -511 660 -361 258 500 846 811 -196 -9 620 -100
-227 -166 -98 219 -597 236 -1000 -120 -785 -893 338 909 165 -658 883 -990 -683 194 919 -694 -579 411 781 220 -457 -446 -899
372 -949 -553 -704 -202 551 -149 846 532 792 476 -499 -61 552 988 44 314 735 -300 -970 -46 233 -908 -189 577 511 -526 -443 -893 719 -199 357 -653 306 -695 -848 -732 -546 228 409 -56 -649 -884 658 -166 -742 942 765 -16 -13 -15 -963 -579 892 560 844 345 853 -722 548 299 332 457 -607 -192 -698 -938 -903 -605 119 371 -682 -394
285 -66 947 700 637 -822 710 -485 276 404 -496 -132 -174 159 -689 112 -946 651 457 885 871 261 56 -363 155 187 895 -454 482 238 519 735 568 -4 -483 -559 -44 308 -297 499 -989 -77 622 -527 -455 869 -832 -808 -492 342 806 -154 -375 956 828 -717 -172
173 -805 -544 -933 687 361 -614 98 -893 453 470 -532 -385 16 462 193 -147 -320 311 366 -137 509 948 830 678 -435 149 569 -885 -599 -574 724 187 262 -987 455 -429 -438 -679 -926 -290 -421 789 113 -826 -736 -344 -696 942 920 -742 815 -479 -971 -604 803 -235 -223 -416 -297 -453 -850 -377 857 688 -93 -348 -74 805
-895 -268 40 -212 512 158 377 -441 45 792 -734 -415 156 863 323 -520 290 562 279 -758 32 360 -336 -900 444 548 -675 -733 -365 -545 682 -670 68 -309 -148 272 811 -484
-868 165 600 621 -128 -627 38 261 -683 255 -884 759 489 -4 443 -520 253 -221 -235 470 42 552 -874 -972 -635 483 -892 647 36 467 947 344 -431 -245 -549 -173 721 887 440 -186 -199 -158 47 -311 -106 -250 70
-401 -38 529 -516 -998 -83 610 291 -877 -99 -912 526 163 -540 -169 399 433 -275 -84 818 967 713 667 -161 -674 245 845 -180 878 654 -343 -659 -514 647 713 -36 738 -329 -849 -377 205 -854 -221 55 -939 473 634 -10 864 427 345 479 -16 -67 619 -129
220 -351 267 760 -610 -620 -738 -451 686 410 689 -357 -678 761 -691 -428 -600 620 -665 397 -217 10 -832 247 -3 -53 320 -189 -277 261 -351 914 237 691 -294 -615 171 -314 45 355 -532 544 293 803 900 -703 -647 -160 -258 216 681 726 -300 -31 78 561 61 -340 -237
344 780 571 -4 386 454 228 453 38 -723 -524 -756 -45 -796 89 -697 581 -611 834 312 -661 444 65 551 554 -236 780 44 165 888 783 -354 391 -534 -153 -381 -144 -350 152 -437 602 238 -926 211 -85 -6 -800 922
90 348 -540 124 -243 -47 347 926 245 931 -988 415 171 215 497 865 -507 -798 668 -566 -427 261 927 -586 266 -305 -306 -911 -362 458 530 -698 -785 -904 55 -411 -84 -207 -474 348
-598 -631 744 209 70 817 822 762 -128 -717 -314 150 -825 769 -378 -96 -276 -759 420 -372 -291 -295 -358 -978 154 89 -434 744 -276 933 915 -968 -119 170 -937 -68 -775 356 -980 402 418 -379 -329
-50 -690 760 159 345 -311 502 130 -660 52 128 -516 -231 -212 900 -894 684 657 -366 -313 111 -235 -645 768 -528 393 -322 -257 365 -699 534 -197 -340 679 -115 -164 -749 400 972 -792 950 284 867 -647 658 158 300 971 -234 -183 -827 -508 198 144 -942 631 60
-285 -204 45 -716 618 18 167 -488 -569 298 923 973 681 112 597 601 215 -152 754 788 553 149 368 -285 -227 -396 -454 427 789 608 34 799 -133 344 855 -410 256 776 -620 691 625 789 -741 447 230 797 191 228 -972 -316 997 586 451 224 501
-615 -834 -664 785 720 -113 -654 -533 -687 -637 758 644 -52 785 229 -641 80 28 783 -288 688 37 948 357 257 -557 -488 -672 -308 664 583 830 101 -925 -698 433 204 204
-675 -876 -755 -71 822 -477 889 874 312 97 889 -39 118 666 -591 -773 151 865 -775 873 -588 263 238 148 768 -961 875 -898 -613 -988 -85 -556 716 -808 -582 -758
592 409 -331 156 -563 -952 -484 -963 -713 603 -665 -634 211 692 401 -99 -922 -213 -878 -425 -51 160 -468 451 45
-882 -94 -774 -495 199 -550 -796 879 -211 -689 12 -992 -598 659 -365 -660 615 -461 -960 255 -852 901 787 -181 879 179 -414 804 393 -507 -531 707 249 49 -795 -76 845 -466 -340 662 806 101 857 -863 -231 961 -792 343 577 -980 -849 -294 -514 -224 -227 861 594 911 580 -44 -452 -196 706 81 685 65
993 -195 894 322 -3 -627 -861 674 -792 -396 -931 983 -435 -647 713 60 -442 565 -612 -713 -51 -297 -33 189 -124 -862 -678 826 937 567 -551 80 997 -67 -836 707 -107 338 97 -955 -237 224 246
465 930 219 -337 -927 -15 138 95 884 -540 -262 740 -797 -994 446 14 -552 208 136 -966 312 266 674 -523 -75 -878 -185 -54 48 343 -40 286 -124 -156
-666 -490 935 -841 970 -895 -33 -319 -928 46 225 423 -700 49 307 -134 56 -781 174 -344 -674 481 -514 773 504 21 -243 -461 186 -27 -758 148 -482 195 -428 -557 990 -194 226 495 -107 571 -135 -291 260 19
-661 903 -922 -134 870 220 -502 2 297 -592 -418 437 -819 188 -576 683 98 -830 -622 207 -117 -952 497 -288 -761 816 -694 388 805 -428 -349 162 -888 124 758 893 998 -428 674 -709 564 -916 -79 -494 -798 496 60 -279 -816 -122 346 466 2 993 57 885 216 -147 418 -10
904 612 -515 -442 30 -737 -290 -944 -674 -217 151 815 462 -640 76 140 476 -317 -322 689 762 52 -949 804 89 -197 -645 -654 -404 -206 -506 -258 318 -556 994 815 -753 -538 884 497 189 -907 -179 885 437 -459 264 -834 95 -766 -100 -80 129 707 -981 -577 82 -932 -830 208 -210 348 406 698 -561 522 -93 922 -588 -279 -899 234 84 226
685 -288 294 702 -642 864 -352 183 101 985 -960 -885 658 730 -357 308 -372 -295 -787 -290 -75 782 -69 333 -570 619 729 -10 -607 183 587 -240 164 -943 740 15 -319 449 -166 -60 669 904 -62 310
-760 -775 145 -770 442 213 -814 -732 -27 -373 -473 317 469 -748 135 -408 -670 872 580 -554 -677 74 -192 -43 110 -609 -112 -67 -48 -129 576 -19 414 772 -123 -205 -404 510 -488 -775 -159 949
-498 -261 610 819 -626 -493 -340 840 -998 -513 518 95 -905 137 -111 493 -64 90 618 64 -547 -347 -356 -140 993 -504 124 791 -792 748 304 893 -968 -878 833 470 -815 -366 224 -497 682 -981
-484 -49 -961 -80 588 928 811 -866 -218 -730 118 467 752 369 338 168 818 666 -80 -366 -688 570 444 -275 244 -543 -108 314 -631 321 -876 -782 461 -330 -379 -964 -602 567 -328 208 677 92 -829 -403 -548 323 546 119 -585 122 -422 127
-369 -802 -958 16 268 -594 309 264 321 -352 438 -798 324 -988 -341 50 -103 -23 -744 52 -688 862 774 22 -500 778 -431 855
-125 -21 907 333 201 233 982 -648 -380 -998 332 336 592 285 -421 663 684 -388 609 420 390 -501 237 65 -967 -277 914 -482 469 -455 -89 -23 183 -479 64 -34 347 -130 -54 0 -256 350 532 833 775 468 -857 -770 -106 681 -197 23 -610
50 -1 -218 467 -293 -228 398 617 -722 40 261 -551 180 291 -670 -952 469 -277 766 -982 -329 -923 972 -66 -651 510 -89 372 -979 -941 -193 -341 -762 29 -947 -997 946 -243 -829 -918 744 429 -135 444 940 761 -511 551 -756 55 -663 -717 -356 -538
518 -427 -920 -283 273 -239 -893 -822 849 29 583 -416 -196 -355 731 -588 89 -70 -104 -224 -67 839 -190 -95 430 227 -407 109 -50 -638 -785 -422 965 -938 -24 795 50 -152 605 292 507 -475 -743 277 350 -897 -957 -695 -55 -869 16 -832 939 -632 -68 -672 -536 265 55 887 227 651 301 -954
-89 283 574 -814 596 -304 776 -125 -248 -50 -396 74 369 380 -152 956 886 -376 -332 -930 713 378 159 -203 -4 564 853 -787 -403 552 -957 399 -91 523 -476 84 -165 281 -573 169
-750 846 -137 -774 551 -296 -329 -404 29 518 -580 866 308 -826 191 115 -310 407 -271 996 -339 -45 -213 351 339 851 -900 760 -418 773 951 -347 -592 761 642 738 558 -329 591 842 -65 657
-45 -818 -846 642 449 473 310 417 -945 604 -323 -753 736 -523 -823 -852 155 -365 307 -24 102 -802 277 -213 731 -179 836 -277 134 956 -338 901 71 743
752 894 -8 -625 75 -428 396 614 -330 779 999 8 -861 267 922 802 -324 183 -655 9 -866 -148 217 -32 237 104 990 913 275 685 434 119 619 700 764 244 -727 -447 -501 81 -727 -682 -939 -583 45 920 297 451
473 351 980 511 -993 -466 688 -53 -365 -477 208 -859 -590 14 332 -590 -564 -363 157 258 161 704 40 -83 697 829 -234 -13 741 -306 31 79 -849 -848 947 -750 -164 504 461 -336 -865 482 -314 164 692 439 -118 -731 330 -503 735 839 -955 530 277 -605
-758 617 -339 -697 236 620 -926 -542 92 -887 326 171 737 742 17 208 -100 -292 -5 -446 -673 -137 12 857 -428 -165
193 -336 899 -253 -184 528 358 840 241 -222 61 -753 201 -369 -378 -309 -704 -763 -887 275 -956 782 975 396 98 -196 565 182 -555 -140 772 -913 -338 532 -551 601 -37 348
-194 -395 -383 318 -420 375 533 -376 -558 615 385 -704 512 802 -497 -484 814 329 247 -284 650 -576 -106 352 -619 440 -149 597 -953 77 765 -80 -623 213 -168 693 -731 947 121 177 479 -151 -362 312 111 -79 561 50 740 979 -311 199 -483 42 -728 -685 -950 640 -323 -913
604 -781 -315 -923 669 -481 630 -233 287 541 -613 -337 -420 -371 979 -504 737 -453 962 -293 612 -712 -518 341 -903 -690 182 379 884 -136 -139 963 146 -311 898 59 -336 -996 188 -313 288 168 -473 -349 -159 672 -613 833 -723 -819
-746 289 532 -892 -273 867 937 626 517 687 -949 486 -225 491 401 -184 813 -805 446 -704 -961 887 -408 418 726 -800 -217 -923 726 530 532 612 -15 -843 143 771
-662 -607 471 288 -603 -642 -789 314 704 274 -775 -818 557 674 381 -620 550 -888 919 622 -106 902 932 -914 -254 508 -365 140 63 247 -289 66 428 158 -311 143 -272 -588 244 345 8 908 362 -920 826 612 -989 650 -597 -532 640 553 -50 -926 -353 395 222 339 226 329
-856 -418 138 578 -193 525 -313 -959 994 450 678 -244 -59 811 -826 756 956 149 933 -157 -911 -3 526 -639 250 84 772 320 540
2 241 -435 33 -917 713 507 788 372 279 -564 -72 -655 -281 -950 -5 -849 602 950 887 -759 -561 738 182 -986 211 -695 -396 472 679 -7 332 133 299 -1 -491 769 51 542 828 -989 717 609 -93 -569 394 -183 87 479 816 431 158 265 286 875 223 443 607 158 166 965 989 659 -156 484 -466
-159 -538 -804 646 -976 440 -672 -486 218 64 -145 -583 -439 16 -720 -207 526 -151 -123 988 501 -462 -494 763 -665 505 891 628 286 -3 55 -193 451 418 -259 47 -602 -143 368 694 693 -547 -849 71 -505 674 -244 -978 43 950 -621 553 806 -896 357 -147