-821 N/A -104 N/A 410 474 774 N/A -428 N/A -584 448 454 875 -2 -461 747 N/A 256 713 -596 906 N/A -776 -139 -516
-314 941 -104 N/A -436 -841 N/A -380 N/A -713 N/A 165 8 393 538 N/A -156 905 -176 637 -790 -234 -960 -456 N/A -832 -880 -171 -120 -631 425 N/A 725 -577 N/A -388 562 518 N/A 71 N/A 851 801 N/A -186 -625
-622 -985 836 599 N/A 274 -606 N/A -245 -975 -13 715 -209 N/A -450 -202 -564 N/A 870 17 N/A -427 -60 -632 820 N/A 183 -754 N/A 405 -726 845 749 452 N/A 815 N/A 562 -439 N/A 536 733
-813 -61 N/A -824 103 -665 146 N/A -530 N/A 273 N/A -944 -926 N/A 367 769 846 N/A -473 N/A 736 -879 N/A 30 -871 N/A -330 -978 -540 940 949 -727 721 97 624 932 -708 N/A 912 -222 167 418 380 N/A -359
-297 N/A -523 199 -955 36 -230 -881 N/A -577 -517 -678 -681 248 557 628 -155 N/A 777 -959 N/A -872 371 N/A 731 N/A -32 890 N/A -511 827 368 -516 N/A 676 N/A -497 N/A 663 972 -325 985 -403 258 N/A -753 856 N/A -983
890 N/A 350 721 N/A 22 N/A -976 -1 -155 -230 -33 178 -399 N/A 134 417 -46 N/A 989 -914 N/A -568 -466 -380
860 -534 288 969 -736 N/A 739 N/A -656 N/A -747 807 521 -895 N/A 611 -331 -143 N/A 934 939 N/A 363 -753 N/A 51 N/A -453 194 -309 -672 -474 -160 N/A -543 -185 N/A -178 N/A -501 N/A 286 -992 -856 -824 302 683 -863 -80 N/A 908 N/A 596 -335 -913 834 -287 -947 -534 N/A -52 -69 N/A 53
-649 84 654 N/A 91 -583 147 -242 -548 N/A -601 N/A -608 335 N/A -9 569 -478 849 -784 -596 572 812 306 -362 -427 N/A -799 -920 N/A -419 N/A -164 N/A 485 929 -35 N/A 703 N/A 789 586 N/A 399 -605 831 739 -646 -496 -553 -111 N/A 542 -606 N/A -499 -742 N/A -481
738 N/A -533 N/A 991 -328 -379 N/A -910 131 670 -355 N/A -207 -258 16 362 N/A 729 482 N/A -802 613 325 818 N/A 722 -756 436 -504 N/A -839 662 318 -986 N/A 678 N/A 783 -198 -135 N/A 9 -566 -115 -822 -396 N/A 522 254 900
217 N/A -852 -516 903 143 807 N/A -945 N/A -914 N/A 702 671 -793 455 -952 -296 N/A 321 712 N/A -314 N/A -95 -793 -364 N/A 568 N/A -619 -515 -845 -264 N/A -76 769 54 745 532 -761 -729
649 N/A 760 -129 811 -746 -594 292 -160 N/A -710 N/A 932 -343 606 N/A -166 -706 82 860 -246 567 -50 N/A -85 438 N/A -555 -902 -208 621 N/A -860 322 N/A -813 N/A -100 N/A 305 -973
-104 -291 885 861 N/A -683 545 653 847 N/A -267 78 N/A 241 187 -481 762 N/A -841 685 N/A 545 N/A 706 -420 -273 -184 633 N/A -148
894 N/A 144 997 N/A 451 -240 -209 -296 405 -209 N/A 938 438 -737 N/A -719 -441 -557 -635 677 N/A 210 N/A 76 -927 N/A 582 -546 -796 N/A -629 844 -680 -451 -826 N/A -589 N/A -233 N/A 327 347 266 707 457 -692 N/A -750 -65 -986 998 N/A 464 N/A 536 N/A 675 15 207
-93 N/A 85 371 804 710 N/A 274 -252 -546 -581 -777 -827 524 -700 N/A 801 -596 -988 13 667 326 N/A 855 N/A 314 N/A 781 N/A 745 135
386 N/A 905 N/A -546 -992 475 268 412 -844 -275 -496 -304 410 -123 N/A -741 N/A -63 315 -690 -257 N/A 576 N/A 520 N/A -902 -270 516 N/A -698 N/A 598 631 786 272
881 478 564 N/A 692 -66 N/A 499 996 N/A -141 -997 -401 N/A -576 N/A 749 -860 833 -484 N/A 423 756 130 -122 -608 N/A 666 -39 671 N/A -23 399 316 N/A 14 N/A 846 -501 28 N/A 924 -251 -840 N/A -469 663 889 -476 -844
-170 -158 -351 -607 601 -526 N/A 625 N/A -479 -216 N/A -152 N/A -134 -841 N/A -495 N/A -850 N/A -391 N/A -545 -458 N/A -579 -104 -785 902 786 -414 442 N/A -84 -128 -228 89 -215 N/A -35 902 N/A 895 N/A -406 -775 779 N/A 684 551 -572 -991 -607 N/A -286 812 -194 -884 -219 N/A -821 N/A 393 -215 -181 368 16 47 958 709
306 -455 881 N/A -830 -476 827 N/A -876 N/A 734 N/A 304 486 -735 533 N/A 687 N/A 508 8 349 N/A 583 N/A -874 N/A 21 758 N/A -442 507 554 -677 350 N/A 937 -389 860 240 -30 599 72 558 90 347 -359 N/A 105 N/A -833 236 -210 -30
641 -569 197 -618 -199 -535 -77 N/A 951 N/A 279 -18 -878 -456 -377 N/A 972 N/A -384 -490 -454 -189 N/A 247 551 N/A -495
-348 N/A 78 -743 60 N/A -383 -885 243 241 N/A 115 353 984 -64 N/A -175 N/A 497 756 -90 -585 N/A -845 N/A 927 -919 903 -27 N/A -226 N/A 123 -679 -35 -793 559
771 -873 637 -546 -754 -991 387 226 -113 N/A -248 818 N/A -787 N/A -666 N/A 349 777 N/A 279 290 N/A -777 664 N/A -30 -292 274 -515 123 -141 N/A 75 -182 309 -124 N/A -618
399 376 -866 796 N/A -339 -927 925 957 -521 N/A 494 -986 -872 N/A 665 N/A -186 820 N/A 572 N/A 87 -191 -633 N/A 262 456 -834 -430 N/A -887 -991 N/A -645 -392 N/A 701 950 424 12
-789 N/A -990 -830 N/A 473 -267 N/A 930 -948 473 -340 N/A 583 829 N/A 491 940 -669 463 592 -466 N/A 378 N/A -1 N/A 982 N/A 837 -908 895 422 N/A 793 411 605 384 -845 578 -323 -189 206 N/A -487 -832 102 N/A 169 -604 857 N/A -299 905 -737 N/A -674 -60 N/A 574 -596 791 102 405 N/A 326 622 N/A -317 532
-773 555 N/A 761 N/A -623 -866 -921 N/A -718 13 -532 275 -622 N/A -598 276 -859 N/A -376 N/A 235 605 -299 N/A -136 -147 N/A 792 -814 -569 -58 -367
-596 N/A -738 140 -824 N/A -124 622 N/A -694 330 -887 -862 238 767 N/A -487 N/A 613 N/A 112 -917 -254 -282 264 542 239 -959 178 -563 N/A -432 -735 N/A -786 731 N/A 325 N/A 148 330 N/A 860 86 -838 355 327 31 N/A -301 -268 N/A -234 N/A 535 982 -155
-14 N/A 114 N/A -788 693 N/A -685 446 800 -143 N/A -124 N/A -496 208 752 N/A 307 -298 -670 756 -98 -1 N/A 471 -979 225 -582 N/A -734 N/A 945 81 -984 -63 -460 645 910 995 N/A 589 -915
674 N/A -395 -739 -64 -59 N/A -912 -372 79 N/A -283 N/A -89 48 N/A -111 -563 N/A -968 N/A -884 265 865 -663 N/A -385 -736 -219 -92 N/A 742 405 477 -500 47 320 623 -308 N/A -681 N/A 143 692 557 722 N/A -126 389 N/A 858 900 -161 -523 N/A -115 N/A -578 -786 562 N/A 84 34 N/A 437 -470 318 -360 -216
-913 N/A 824 -888 -11 N/A -807 -952 N/A 788 692 632 N/A 83 319 N/A -928 N/A 847 -679 -184 178 N/A 742 -737 312 -249 958 -152 -402 -281 -658 -134 -993 149 626 650 N/A -709 N/A -476 0 -675 -546 N/A 470 N/A -78 950 41 N/A -496 N/A -404 875 N/A -573 -13 -157 -188 138 N/A 934 -787 -844 N/A 641 -435 755 -116 759 N/A -492 N/A 345
732 482 N/A 868 651 N/A -556 243 -564 557 188 308 181 -893 876 -691 N/A -786 864 N/A -720 N/A 261 N/A -650 848 N/A -506 -599 N/A -56 730 -334 N/A -919 60 -109 N/A 818 -988 -607 -39
-797 -681 -521 N/A -647 318 464 -100 N/A -60 452 N/A -218 437 N/A 453 N/A 679 -429 186 -193 -311 -586 N/A 230 -168 -697 N/A -22 -853 N/A 27 674 518 N/A -138 718 665 N/A -610 N/A -18 895 942 584 -678 N/A 932 -836 -997 -326 N/A 176 -988 N/A 0 -737
983 N/A -768 683 -903 -583 -209 N/A -730 -183 N/A 354 902 N/A -360 -480 N/A -951 277 -179 -231 N/A -336 -530 592 782 N/A -846 -694 N/A -662 N/A -868 372 N/A 524 -376 641 863 882 -709 N/A -90 347 N/A 90 -499 -845 994 -44 995
132 -436 N/A 879 811 943 523 -66 861 771 -394 393 N/A -101 165 266 N/A -178 N/A 501 -398 64 -584 -337 655 -784 N/A 51 N/A 398 N/A -951 -978 N/A 957 67 966 -103 N/A 820 N/A -381 N/A -622 -199 -774 N/A -229 -524 -367 N/A 369 -186 N/A -325 -646 -551
253 643 N/A -35 -966 828 940 -976 420 -82 -218 N/A -877 -456 -474 N/A 897 -166 126 -681 549 -492 -749 404 271 -827 -422 N/A 485 N/A 622 N/A -981 715 N/A -846 N/A -418 N/A 439 N/A -566 544 N/A 168 -320 N/A -266 680 183 75 -881 496 -395 -27 N/A 489 N/A -28 922 N/A -582 853 524 409 N/A 529 N/A -457
-147 -581 827 890 N/A 895 N/A 0 -503 -670 N/A -333 -844 73 -902 N/A 124 N/A 536 877 715 393 629 -869 N/A -431 -887 N/A 411 N/A -128 237 N/A 411 378 380 476 265 139
-423 436 N/A -53 N/A 58 N/A -17 -919 N/A -221 -432 595 N/A -686 N/A -874 997 -780 -179 N/A 706 -833 847 N/A 886 -644 -595 -255 -669 -300 -670 -149 317 N/A 714 N/A 564 733 -793 669 -75 411 249 -11 -939 -553 -676 N/A 937 N/A -898 N/A 807
-905 587 N/A -811 -559 -984 -114 314 389 -571 N/A -742 N/A 605 326 -781 -736 -60 N/A -452 -333 126 N/A 926 -533 -51 N/A 358 -577 -883 765 -350 343 N/A -574 420 277 N/A -607 -15 N/A 399 N/A -661 -739 N/A -995 N/A -138 -918 92 265 -397 N/A -878 N/A -966 249 -210 -72 N/A -869 937 N/A -696 -586 407 N/A -337 868 -193 N/A 976
-319 868 -693 -550 -728 91 N/A 254 555 -973 -477 833 N/A -417 N/A 104 231 N/A -535 -578 10 N/A 453 N/A -126 -603 -908 -45 -105 N/A 61 820 N/A -537 -979 N/A -40 N/A 1 -326 -88 601 N/A 523 N/A 574 165 713 246
-460 N/A 6 170 725 -817 306 -883 388 791 N/A 866 528 989 741 N/A -693 N/A -22 -729 125 N/A 98 -37 N/A 339 N/A -746 -464 -173 -478 N/A 598 -615 404 -699 N/A -642 N/A -228 N/A -273 313 N/A -477 892 732 -854
-902 N/A 315 732 584 423 -144 437 N/A -543 -67 165 -764 719 N/A 628 16 -302 21 N/A -520 N/A 864 693 -7 N/A -509 N/A 31 356 N/A -959 N/A 535 573 776 533 -288
950 N/A -534 406 -771 600 850 46 -543 264 927 361 112 23 N/A 403 N/A 221 N/A -204 -486 -561 -637 N/A -441 -538 N/A -257 N/A 667 -682 N/A -103 24 -770 N/A 248 769 N/A -608 -63 13 N/A 895
420 N/A 979 N/A -256 -772 N/A -40 813 -331 308 -68 -185 N/A 652 N/A -253 591 -907 -104 N/A -613 N/A 218 -700 N/A 12 86 -280 -574 -402 -361 N/A -451 971 -876 -111 189
85 693 651 -558 -743 707 -884 N/A 407 539 -418 -96 -131 565 -492 762 -821 -867 N/A -738 -352 -103 232 736 -99 379 N/A 72 16 N/A 658 778 N/A -244 -935 N/A 161 491 N/A -540 934 -290 418 N/A -286 -324 N/A -465 N/A 759 N/A -410 N/A -717 N/A -35 N/A 91
736 572 -27 -342 11 484 712 N/A -758 865 364 -535 N/A -290 N/A 414 N/A 819 N/A 626 765 -985 -39 -826 -615 0 N/A 792 -296 N/A 527 344 N/A -77 -449 -302 827 N/A 168 N/A -171 -351 N/A 429 51 421 541
517 -178 -933 N/A 893 -226 N/A -351 814 946 N/A 548 576 126 -463 -160 N/A -525 N/A -195 -444 327 N/A 78 -670 -23 94 633 -27 N/A -137 760 -406 N/A 618 N/A 958 449 918 N/A -155 925 N/A 329 N/A -704 579 -127 -607 N/A -655 -718 82 531 N/A -128 784 N/A -87 N/A -132 365 161 -155
-260 N/A -614 N/A 107 304 -824 N/A -620 N/A 284 435 -634 N/A -937 N/A 913 424 76 N/A 611 -73 N/A -242 278 -916 -742 186 -832 N/A -508 N/A 641 424 96 365 N/A -77 144 648 -713 826 244 -830 -639 N/A 509 -574 N/A 896 658 175 726 -880
258 -839 N/A -817 N/A -334 N/A 633 -728 266 N/A 668 652 -972 775 314 339 -817 143 N/A -956 -714 N/A -494 742 N/A 805 N/A -713 431 434 -578 N/A 722 951 -212 N/A -706 N/A 498 N/A 528 686 N/A -246 N/A -384 958 915 N/A 908 535 866 766 78 -269 -324 -547 562 -326 N/A 693 -602 -191 712 -681 866
886 -166 566 N/A -277 N/A 13 -32 721 517 N/A -422 246 N/A 601 N/A -418 N/A -819 N/A -735 569 -579 516 -748 -365 632 -392 N/A -743 -410 919 -73 260 45 146 -50 N/A -838 N/A 774 -75 -406 N/A 682 -871 882 N/A 677 N/A 530 -926 91 N/A 567 -872 502 N/A -546 -861 N/A -397 -558 -522 98 -632 -636 -576 N/A 240 N/A 824 439
111 311 -395 -85 N/A 628 782 709 838 N/A 789 447 459 N/A -881 -143 164 N/A -269 -233 N/A -394 976 N/A -654 -107 68
-9 -775 57 N/A -902 -487 -169 56 91 -164 46 N/A 73 -194 N/A 727 145 769 347 -303 380 810 852 N/A -946 -355 N/A 680 -846 N/A -637 307 -785 N/A -217 N/A 600 N/A 346 -536 N/A 186 845 -654 -931 -991 -183 N/A 788 -353 -547 N/A -63 406 N/A -801 812 N/A -693 N/A 131 -30 -596
356 -531 712 N/A -198 166 N/A 193 399 N/A 198 N/A -930 -206 634 362 -424 377 N/A 370 -35 N/A 722 -259 N/A -840 276 N/A -796 288 745 N/A -845 916 -460 -604 -690 237 979 N/A 170 -917 106 N/A -895 894 430 N/A 299 487 -865 N/A 453 N/A 703 885 N/A 275 -679 -657 21 N/A 325 -147 -989 N/A 520 -842 -262 -678 658 N/A 597
-312 -714 -740 N/A 304 816 -362 -112 119 505 N/A 573 N/A 973 -190 N/A 481 N/A -593 -205 -854 N/A 153 392 N/A 480 -880 739 N/A 567 -660 -359
-851 N/A -622 -458 795 -266 210 N/A -764 -383 N/A 769 27 556 385 -945 N/A 330 N/A -445 525 -946 N/A -305 328 N/A 228 790 -294 N/A -710 -290 N/A -465 N/A 55 N/A -61 -572 N/A -172 141 -452 -417 692 -627 N/A 456 N/A 516 -339 -502 800 N/A 251 466 496 217 N/A 85 379 -952 -496 561 203 -677 N/A 509 -650 221 -433 -683 N/A 730 -795
779 536 -552 N/A 384 39 -549 -812 N/A 444 N/A 963 N/A -529 589 N/A -328 -196 -297 -815 -608 N/A 139 682 N/A 599 705 -737 N/A 682 -378 719 770 783 -28 -472 441 N/A -546 N/A -903 N/A -95 150
-407 N/A -295 607 514 -107 -105 256 870 175 -557 N/A 157 N/A 174 250 -784 44 659 827 -436 935 -990 789 387 -537 489 N/A 670 N/A 209 725 N/A -617 -224 N/A -559 -826 N/A -520 N/A -276 N/A -866 N/A -308 -559 -642 -972 -559 179 999 N/A -588 N/A -420 N/A 271 N/A 575 N/A 244 N/A -804 -901 -793 454 315 211 -125 859 N/A -281
-548 175 703 991 -865 -910 N/A -161 445 471 N/A 490 715 N/A -993 -430 N/A 693 N/A -935 -605 N/A 337 -841 915 294 -281 -115 N/A 217 993 N/A 670